2008154    02,05,07,21,22,26|08    2008-12-30
2008153    01,04,18,21,24,30|16    2008-12-28
2008152    01,04,06,22,26,30|08    2008-12-25
2008151    06,08,10,14,17,19|06    2008-12-23
2008150    04,19,22,24,29,32|02    2008-12-21
2008149    10,14,22,28,29,33|02    2008-12-18
2008148    03,05,09,22,26,28|09    2008-12-16
2008147    07,08,14,22,26,33|02    2008-12-14
2008146    07,08,17,19,31,32|10    2008-12-11
2008145    07,13,18,22,26,29|02    2008-12-09
2008144    02,05,10,27,29,33|15    2008-12-07
2008143    12,17,18,19,26,27|06    2008-12-04
2008142    05,06,10,13,17,28|15    2008-12-02
2008141    03,13,20,25,29,33|15    2008-11-30
2008140    07,14,16,29,30,31|14    2008-11-27
2008139    08,09,19,23,25,26|07    2008-11-25
2008138    07,14,19,23,25,32|04    2008-11-23
2008137    01,04,24,28,29,33|09    2008-11-20
2008136    05,09,10,12,18,28|02    2008-11-18
2008135    05,14,15,16,19,21|15    2008-11-16
2008134    10,15,19,20,28,32|02    2008-11-13
2008133    08,11,16,19,24,26|11    2008-11-11
2008132    09,13,16,25,27,33|08    2008-11-09
2008131    02,12,15,18,22,32|08    2008-11-06
2008130    01,12,18,28,30,32|06    2008-11-04
2008129    01,03,18,24,25,32|15    2008-11-02
2008128    01,05,19,20,27,33|05    2008-10-30
2008127    05,08,19,22,27,30|13    2008-10-28
2008126    04,11,12,14,20,30|13    2008-10-26
2008125    10,11,12,15,26,29|09    2008-10-23
2008124    01,07,10,13,21,22|03    2008-10-21
2008123    10,11,15,16,25,29|02    2008-10-19
2008122    02,08,11,14,19,26|15    2008-10-16
2008121    02,22,23,27,31,32|06    2008-10-14
2008120    10,11,22,24,26,33|02    2008-10-12
2008119    05,07,09,15,24,29|07    2008-10-09
2008118    04,09,16,27,31,33|01    2008-10-07
2008117    03,05,07,10,14,33|07    2008-10-05
2008116    03,07,21,22,24,29|14    2008-10-02
2008115    02,12,13,14,17,18|06    2008-09-30
2008114    04,09,20,24,25,31|14    2008-09-28
2008113    06,09,10,12,17,22|09    2008-09-25
2008112    05,13,14,19,22,23|06    2008-09-23
2008111    17,18,21,25,31,32|06    2008-09-21
2008110    10,16,22,23,29,31|02    2008-09-18
2008109    04,07,09,16,21,28|10    2008-09-16
2008108    09,10,15,17,23,30|12    2008-09-14
2008107    06,13,18,22,27,32|04    2008-09-11
2008106    14,19,25,27,29,30|15    2008-09-09
2008105    05,17,19,27,28,32|02    2008-09-07
2008104    03,06,08,17,24,31|01    2008-09-04
2008103    01,12,16,18,22,33|04    2008-09-02
2008102    03,07,12,21,25,32|05    2008-08-31
2008101    09,17,21,26,28,30|04    2008-08-28
2008100    08,14,17,21,27,28|14    2008-08-26
2008099    10,15,16,22,23,24|07    2008-08-24
2008098    06,07,10,11,15,30|01    2008-08-21
2008097    03,06,08,09,16,17|13    2008-08-19
2008096    06,08,12,24,27,31|14    2008-08-17
2008095    03,08,14,21,28,29|03    2008-08-14
2008094    01,04,15,16,23,28|14    2008-08-12
2008093    04,10,12,16,26,28|07    2008-08-10
2008092    01,03,18,27,28,30|05    2008-08-07
2008091    03,12,14,23,31,32|10    2008-08-05
2008090    02,07,14,18,19,24|01    2008-08-03
2008089    03,06,11,16,22,27|11    2008-07-31
2008088    01,06,08,16,17,23|05    2008-07-29
2008087    01,07,26,29,30,31|06    2008-07-27
2008086    04,05,10,26,27,30|12    2008-07-24
2008085    01,04,12,20,24,29|15    2008-07-22
2008084    04,07,13,20,29,30|16    2008-07-20
2008083    07,08,09,18,29,32|09    2008-07-17
2008082    04,08,10,12,21,26|09    2008-07-15
2008081    02,12,13,18,25,31|04    2008-07-13
2008080    04,14,22,25,29,32|14    2008-07-10
2008079    03,04,05,10,20,32|09    2008-07-08
2008078    06,13,16,26,30,33|01    2008-07-06
2008077    04,12,22,26,30,33|09    2008-07-03
2008076    18,11,05,13,07,02|11    2008-07-01
2008075    18,22,01,14,30,08|03    2008-06-29
2008074    24,19,15,11,20,01|09    2008-06-26
2008073    22,13,28,33,09,01|08    2008-06-24
2008072    18,01,05,22,10,30|09    2008-06-22
2008071    01,06,21,26,27,28|09    2008-06-19
2008070    05,06,12,15,18,33|13    2008-06-17
2008069    08,05,26,17,20,30|10    2008-06-15
2008068    05,23,29,17,07,27|07    2008-06-12
2008067    19,11,10,26,33,15|13    2008-06-10
2008066    07,12,21,22,29,30|08    2008-06-08
2008065    05,13,15,19,30,31|05    2008-06-05
2008064    01,02,07,09,12,18|12    2008-06-03
2008063    05,09,11,14,16,17|15    2008-06-01
2008062    06,08,13,17,24,27|15    2008-05-29
2008061    01,02,05,12,26,31|06    2008-05-27
2008060    06,07,08,17,30,32|03    2008-05-25
2008059    02,06,15,29,31,32|16    2008-05-22
2008058    01,12,21,27,29,31|11    2008-05-20
2008057    19,20,21,26,28,30|08    2008-05-18
2008056    08,13,22,23,25,30|07    2008-05-15
2008055    11,16,19,23,26,31|04    2008-05-13
2008054    02,06,16,17,20,25|07    2008-05-11
2008053    06,12,19,20,21,27|04    2008-05-08
2008052    02,10,17,23,29,31|10    2008-05-06
2008051    01,04,08,10,13,33|11    2008-05-04
2008050    01,11,19,24,26,27|03    2008-05-01
2008049    03,10,12,13,19,25|04    2008-04-29
2008048    11,18,21,27,30,32|01    2008-04-27
2008047    09,12,13,14,20,22|10    2008-04-24
2008046    15,16,18,24,28,33|15    2008-04-22
2008045    01,10,13,21,29,32|04    2008-04-20
2008044    05,07,09,20,26,29|09    2008-04-17
2008043    03,10,16,22,27,33|14    2008-04-15
2008042    03,04,09,11,12,24|01    2008-04-13
2008041    08,11,20,22,23,27|04    2008-04-10
2008040    06,13,22,25,27,28|09    2008-04-08
2008039    01,07,10,13,22,29|01    2008-04-06
2008038    03,09,10,11,15,19|13    2008-04-03
2008037    01,12,22,24,28,31|06    2008-04-01
2008036    02,06,13,18,23,28|16    2008-03-30
2008035    07,11,14,17,18,29|16    2008-03-27
2008034    03,05,09,11,21,29|09    2008-03-25
2008033    12,17,18,30,31,33|04    2008-03-23
2008032    05,14,16,21,23,28|13    2008-03-20
2008031    03,06,11,15,21,31|13    2008-03-19
2008030    06,15,18,19,20,28|11    2008-03-16
2008029    01,09,14,22,29,32|12    2008-03-13
2008028    01,13,21,26,29,32|10    2008-03-11
2008027    15,18,19,23,24,26|13    2008-03-09
2008026    05,17,19,27,29,32|03    2008-03-06
2008025    08,16,17,18,19,21|14    2008-03-04
2008024    11,20,21,26,28,30|13    2008-03-02
2008023    08,16,18,25,26,32|02    2008-02-28
2008022    12,18,20,24,28,32|05    2008-02-26
2008021    09,12,19,20,26,28|15    2008-02-24
2008020    03,10,13,15,28,30|03    2008-02-21
2008019    02,09,11,17,27,31|05    2008-02-19
2008018    02,05,06,23,26,33|13    2008-02-17
2008017    02,05,07,17,20,22|02    2008-02-14
2008016    03,12,14,21,29,33|13    2008-02-05
2008015    06,08,11,16,29,33|03    2008-02-03
2008014    03,09,11,17,21,31|14    2008-01-31
2008013    02,08,15,16,22,28|10    2008-01-29
2008012    03,04,05,16,20,30|13    2008-01-27
2008011    02,14,17,21,30,32|03    2008-01-24
2008010    03,08,11,17,21,27|09    2008-01-22
2008009    09,21,29,30,31,32|16    2008-01-20
2008008    02,15,16,23,26,27|07    2008-01-17
2008007    01,13,17,22,23,30|11    2008-01-15
2008006    01,14,16,18,22,27|14    2008-01-13
2008005    03,05,15,22,24,25|15    2008-01-10
2008004    04,08,22,23,27,29|08    2008-01-08
2008003    06,08,11,13,17,19|12    2008-01-06
2008002    03,04,18,22,25,29|09    2008-01-03
2008001    02,04,07,09,14,29|03    2008-01-01
