2015153	2015-12-29（二）	08,11,15,22,27,29,03
2015152	2015-12-27（日）	11,18,19,21,29,32,12
2015151	2015-12-24（四）	05,06,08,23,31,32,11
2015150	2015-12-22（二）	01,03,08,11,29,31,13
2015149	2015-12-20（日）	09,10,20,21,22,33,09
2015148	2015-12-17（四）	09,13,14,22,26,27,07
2015147	2015-12-15（二）	08,09,16,23,24,30,05
2015146	2015-12-13（日）	16,17,21,28,30,32,15
2015145	2015-12-10（四）	07,08,15,19,20,24,13
2015144	2015-12-08（二）	01,04,07,15,28,32,16
2015143	2015-12-06（日）	13,15,19,20,21,32,04
2015142	2015-12-03（四）	13,17,19,20,22,25,11
2015141	2015-12-01（二）	03,08,19,25,27,28,02
2015140	2015-11-29（日）	06,20,28,29,30,31,12
2015139	2015-11-26（四）	01,10,13,18,25,27,09
2015138	2015-11-24（二）	01,02,08,16,19,24,11
2015137	2015-11-22（日）	14,22,23,27,28,31,12
2015136	2015-11-19（四）	02,05,12,23,28,29,01
2015135	2015-11-17（二）	01,12,14,18,26,32,07
2015134	2015-11-15（日）	02,05,14,19,27,31,04
2015133	2015-11-12（四）	02,03,13,20,22,24,15
2015132	2015-11-10（二）	03,05,11,28,30,33,01
2015131	2015-11-08（日）	10,12,13,19,22,26,03
2015130	2015-11-05（四）	06,14,15,16,17,22,10
2015129	2015-11-03（二）	05,08,11,16,18,27,04
2015128	2015-11-01（日）	01,03,08,11,22,28,06
2015127	2015-10-29（四）	07,10,19,22,27,33,06
2015126	2015-10-27（二）	10,11,15,20,23,29,12
2015125	2015-10-25（日）	05,13,22,27,30,33,10
2015124	2015-10-22（四）	02,03,05,12,18,27,01
2015123	2015-10-20（二）	05,08,09,12,22,28,07
2015122	2015-10-18（日）	05,07,11,16,22,25,07
2015121	2015-10-15（四）	01,03,20,21,28,29,12
2015120	2015-10-13（二）	16,21,24,26,27,29,16
2015119	2015-10-11（日）	02,08,10,18,23,31,08
2015118	2015-10-08（四）	01,04,11,21,23,31,12
2015117	2015-10-06（二）	04,11,12,18,26,32,12
2015116	2015-10-04（日）	04,06,15,23,26,28,11
2015115	2015-10-01（四）	01,07,08,14,24,32,03
2015114	2015-09-29（二）	04,07,09,13,21,26,01
2015113	2015-09-27（日）	01,05,07,08,19,27,12
2015112	2015-09-24（四）	01,03,10,19,20,27,11
2015111	2015-09-22（二）	08,14,16,18,20,30,12
2015110	2015-09-20（日）	05,07,16,17,22,23,04
2015109	2015-09-17（四）	01,08,09,16,32,33,13
2015108	2015-09-15（二）	02,12,19,22,24,27,15
2015107	2015-09-13（日）	07,14,16,18,21,25,08
2015106	2015-09-10（四）	01,03,04,23,31,32,13
2015105	2015-09-08（二）	09,10,16,19,20,26,12
2015104	2015-09-06（日）	09,18,21,23,25,26,01
2015103	2015-09-03（四）	06,08,13,26,30,32,14
2015102	2015-09-01（二）	07,09,12,14,21,23,06
2015101	2015-08-30（日）	08,16,22,24,28,29,05
2015100	2015-08-27（四）	02,03,11,17,19,21,08
2015099	2015-08-25（二）	06,07,10,11,14,22,09
2015098	2015-08-23（日）	06,09,13,26,27,33,01
2015097	2015-08-20（四）	09,12,14,20,26,27,04
2015096	2015-08-18（二）	06,16,17,23,24,31,07
2015095	2015-08-16（日）	04,15,21,28,30,31,04
2015094	2015-08-13（四）	01,04,06,13,16,17,10
2015093	2015-08-11（二）	01,03,13,21,25,31,08
2015092	2015-08-09（日）	09,15,19,21,26,27,01
2015091	2015-08-06（四）	05,07,17,19,22,31,11
2015090	2015-08-04（二）	10,12,14,22,25,33,15
2015089	2015-08-02（日）	12,14,19,27,28,29,01
2015088	2015-07-30（四）	02,12,20,24,29,31,09
2015087	2015-07-28（二）	09,15,16,19,20,28,11
2015086	2015-07-26（日）	05,06,08,16,18,22,12
2015085	2015-07-23（四）	02,08,25,27,28,29,05
2015084	2015-07-21（二）	15,18,20,22,28,29,15
2015083	2015-07-19（日）	06,07,16,18,29,32,05
2015082	2015-07-16（四）	02,08,09,14,28,30,07
2015081	2015-07-14（二）	13,20,22,26,28,31,13
2015080	2015-07-12（日）	14,17,25,27,28,30,02
2015079	2015-07-09（四）	09,14,15,20,26,32,11
2015078	2015-07-07（二）	03,07,20,22,26,29,02
2015077	2015-07-05（日）	01,06,08,10,13,27,16
2015076	2015-07-02（四）	01,09,10,19,23,27,09
2015075	2015-06-30（二）	06,11,13,19,21,32,04
2015074	2015-06-28（日）	04,07,21,25,26,29,08
2015073	2015-06-25（四）	01,02,17,22,26,27,04
2015072	2015-06-23（二）	01,03,05,20,21,31,05
2015071	2015-06-21（日）	08,18,20,28,29,31,08
2015070	2015-06-18（四）	01,07,13,19,21,29,15
2015069	2015-06-16（二）	01,13,17,18,23,30,15
2015068	2015-06-14（日）	06,15,18,21,26,27,10
2015067	2015-06-11（四）	02,05,08,24,25,31,14
2015066	2015-06-09（二）	05,08,11,17,24,28,16
2015065	2015-06-07（日）	08,10,14,19,26,29,12
2015064	2015-06-04（四）	11,12,14,17,23,27,01
2015063	2015-06-02（二）	01,07,09,16,22,32,12
2015062	2015-05-31（日）	09,14,15,18,21,26,16
2015061	2015-05-28（四）	06,18,22,26,32,33,04
2015060	2015-05-26（二）	01,03,18,27,31,32,13
2015059	2015-05-24（日）	02,06,09,16,25,32,14
2015058	2015-05-21（四）	02,09,10,18,19,20,15
2015057	2015-05-19（二）	09,20,24,25,26,32,04
2015056	2015-05-17（日）	01,07,08,16,18,20,14
2015055	2015-05-14（四）	01,10,15,18,19,28,02
2015054	2015-05-12（二）	01,02,07,10,22,26,07
2015053	2015-05-10（日）	03,07,17,22,32,33,10
2015052	2015-05-07（四）	02,04,11,16,25,26,12
2015051	2015-05-05（二）	04,10,24,26,28,32,09
2015050	2015-05-03（日）	03,09,12,16,17,31,04
2015049	2015-04-30（四）	07,12,14,17,20,23,05
2015048	2015-04-28（二）	13,16,17,22,25,27,10
2015047	2015-04-26（日）	02,03,20,24,26,27,09
2015046	2015-04-23（四）	05,07,10,14,23,31,01
2015045	2015-04-21（二）	01,05,13,22,30,31,07
2015044	2015-04-19（日）	02,03,04,13,14,16,02
2015043	2015-04-16（四）	11,12,15,24,26,27,15
2015042	2015-04-14（二）	09,10,19,21,23,32,08
2015041	2015-04-12（日）	04,09,11,17,21,25,06
2015040	2015-04-09（四）	13,16,18,27,30,32,16
2015039	2015-04-07（二）	01,13,15,26,29,30,12
2015038	2015-04-05（日）	05,06,11,12,14,33,14
2015037	2015-04-02（四）	05,07,12,18,28,31,03
2015036	2015-03-31（二）	04,06,16,17,26,33,03
2015035	2015-03-29（日）	01,08,09,22,24,33,03
2015034	2015-03-26（四）	12,13,17,18,20,27,13
2015033	2015-03-24（二）	03,06,21,29,31,32,05
2015032	2015-03-22（日）	11,14,16,18,29,32,16
2015031	2015-03-19（四）	01,05,07,22,26,32,11
2015030	2015-03-17（二）	08,11,14,15,16,26,07
2015029	2015-03-15（日）	07,14,15,19,21,28,07
2015028	2015-03-12（四）	04,07,10,26,27,28,14
2015027	2015-03-10（二）	05,07,09,16,26,29,07
2015026	2015-03-08（日）	02,13,17,21,22,33,13
2015025	2015-03-05（四）	10,11,12,15,27,32,14
2015024	2015-03-03（二）	09,11,16,18,23,24,10
2015023	2015-03-01（日）	08,09,10,13,29,30,01
2015022	2015-02-26（四）	04,07,10,16,23,25,10
2015021	2015-02-17（二）	14,15,16,17,27,28,08
2015020	2015-02-15（日）	01,04,07,19,22,23,04
2015019	2015-02-12（四）	02,06,11,19,25,26,04
2015018	2015-02-10（二）	06,09,12,14,28,29,09
2015017	2015-02-08（日）	13,18,20,25,27,33,12
2015016	2015-02-05（四）	02,06,10,15,17,31,13
2015015	2015-02-03（二）	01,07,20,24,25,33,04
2015014	2015-02-01（日）	02,12,16,19,27,30,11
2015013	2015-01-29（四）	08,09,24,25,26,29,01
2015012	2015-01-27（二）	03,05,22,23,29,31,06
2015011	2015-01-25（日）	04,14,15,17,18,20,15
2015010	2015-01-22（四）	01,02,03,08,21,31,09
2015009	2015-01-20（二）	04,07,14,17,21,25,14
2015008	2015-01-18（日）	04,07,10,16,20,22,03
2015007	2015-01-15（四）	01,07,09,17,20,33,08
2015006	2015-01-13（二）	01,10,11,29,31,33,13
2015005	2015-01-11（日）	07,10,16,17,18,32,15
2015004	2015-01-08（四）	02,14,15,16,23,24,10
2015003	2015-01-06（二）	10,15,20,23,24,31,15
2015002	2015-01-04（日）	07,15,16,25,28,32,05
2015001	2015-01-01（四）	01,07,09,16,20,23,06
