2016152	2016-12-27（二）	02,08,09,16,20,22,07
2016151	2016-12-25（日）	06,11,16,20,22,33,07
2016150	2016-12-22（四）	02,04,05,09,13,21,05
2016149	2016-12-20（二）	03,20,23,26,32,33,07
2016148	2016-12-18（日）	01,02,11,20,26,30,14
2016147	2016-12-15（四）	04,14,18,28,31,32,12
2016146	2016-12-13（二）	03,07,15,16,17,23,10
2016145	2016-12-11（日）	01,03,07,12,19,20,06
2016144	2016-12-08（四）	04,10,12,27,32,33,05
2016143	2016-12-06（二）	06,09,23,24,25,33,13
2016142	2016-12-04（日）	01,10,17,21,23,30,12
2016141	2016-12-01（四）	04,13,15,17,21,24,15
2016140	2016-11-29（二）	01,02,05,17,26,32,10
2016139	2016-11-27（日）	01,06,19,26,28,30,03
2016138	2016-11-24（四）	07,16,20,24,25,30,07
2016137	2016-11-22（二）	01,06,09,10,15,32,14
2016136	2016-11-20（日）	02,07,10,20,27,29,03
2016135	2016-11-17（四）	02,08,10,18,20,33,12
2016134	2016-11-15（二）	11,12,13,14,18,33,13
2016133	2016-11-13（日）	15,16,21,22,27,33,15
2016132	2016-11-10（四）	05,08,13,19,27,28,07
2016131	2016-11-08（二）	04,10,18,19,25,27,02
2016130	2016-11-06（日）	03,17,21,23,27,28,01
2016129	2016-11-03（四）	05,06,08,21,31,33,14
2016128	2016-11-01（二）	04,09,11,17,26,27,13
2016127	2016-10-30（日）	07,12,17,26,29,31,16
2016126	2016-10-27（四）	02,06,12,17,18,19,10
2016125	2016-10-25（二）	01,06,08,20,27,30,03
2016124	2016-10-23（日）	09,15,21,24,27,32,10
2016123	2016-10-20（四）	07,09,12,14,20,27,16
2016122	2016-10-18（二）	15,22,23,24,28,29,08
2016121	2016-10-16（日）	02,03,10,23,25,28,09
2016120	2016-10-13（四）	02,05,06,21,25,28,09
2016119	2016-10-11（二）	09,19,21,30,31,32,04
2016118	2016-10-09（日）	09,14,22,23,31,33,14
2016117	2016-10-06（四）	03,10,14,17,28,33,02
2016116	2016-10-04（二）	07,18,20,23,27,31,13
2016115	2016-10-02（日）	06,08,20,22,26,27,09
2016114	2016-09-29（四）	05,16,20,22,27,29,09
2016113	2016-09-27（二）	01,11,16,17,20,26,14
2016112	2016-09-25（日）	06,12,14,15,18,25,12
2016111	2016-09-22（四）	02,04,07,14,15,32,04
2016110	2016-09-20（二）	05,07,28,31,32,33,08
2016109	2016-09-18（日）	09,11,15,16,27,33,05
2016108	2016-09-15（四）	02,03,07,08,19,26,16
2016107	2016-09-13（二）	06,11,18,26,27,32,01
2016106	2016-09-11（日）	04,05,13,22,25,30,04
2016105	2016-09-08（四）	08,10,19,27,28,31,16
2016104	2016-09-06（二）	05,09,11,18,30,31,04
2016103	2016-09-04（日）	01,05,13,19,24,27,11
2016102	2016-09-01（四）	05,08,10,14,17,30,13
2016101	2016-08-30（二）	01,03,19,24,32,33,01
2016100	2016-08-28（日）	03,10,22,23,27,29,04
2016099	2016-08-25（四）	01,11,21,23,27,33,06
2016098	2016-08-23（二）	02,08,25,29,31,32,06
2016097	2016-08-21（日）	06,13,25,26,28,31,01
2016096	2016-08-18（四）	06,13,14,21,22,24,16
2016095	2016-08-16（二）	01,05,09,12,18,32,12
2016094	2016-08-14（日）	06,07,10,12,18,31,10
2016093	2016-08-11（四）	06,09,15,17,25,27,09
2016092	2016-08-09（二）	02,13,15,23,24,29,06
2016091	2016-08-07（日）	04,08,14,22,23,28,07
2016090	2016-08-04（四）	02,13,17,20,21,26,07
2016089	2016-08-02（二）	01,03,14,30,31,32,08
2016088	2016-07-31（日）	03,14,16,18,25,33,15
2016087	2016-07-28（四）	02,03,10,11,14,21,12
2016086	2016-07-26（二）	09,10,11,12,15,32,05
2016085	2016-07-24（日）	01,12,19,20,21,25,16
2016084	2016-07-21（四）	02,04,12,18,24,26,05
2016083	2016-07-19（二）	09,16,17,24,30,31,04
2016082	2016-07-17（日）	06,12,14,15,17,20,09
2016081	2016-07-14（四）	02,06,15,25,30,32,07
2016080	2016-07-12（二）	01,16,17,24,25,32,14
2016079	2016-07-10（日）	01,03,10,12,24,28,02
2016078	2016-07-07（四）	02,04,08,23,26,29,02
2016077	2016-07-05（二）	01,09,17,19,20,29,10
2016076	2016-07-03（日）	07,08,13,22,30,32,01
2016075	2016-06-30（四）	01,03,06,16,29,32,07
2016074	2016-06-28（二）	06,10,11,12,20,25,12
2016073	2016-06-26（日）	09,11,12,15,16,20,13
2016072	2016-06-23（四）	05,16,19,22,24,25,02
2016071	2016-06-21（二）	19,21,26,28,29,32,01
2016070	2016-06-19（日）	03,06,11,18,23,29,01
2016069	2016-06-16（四）	08,10,11,20,21,27,11
2016068	2016-06-14（二）	08,19,23,28,31,32,01
2016067	2016-06-12（日）	09,13,18,20,27,31,04
2016066	2016-06-09（四）	03,07,13,18,19,20,05
2016065	2016-06-07（二）	13,16,22,25,26,27,14
2016064	2016-06-05（日）	03,12,14,17,19,26,03
2016063	2016-06-02（四）	16,17,18,23,28,32,07
2016062	2016-05-31（二）	12,13,15,18,19,21,09
2016061	2016-05-29（日）	05,06,08,18,20,32,08
2016060	2016-05-26（四）	04,05,22,26,29,32,08
2016059	2016-05-24（二）	04,11,12,20,25,28,15
2016058	2016-05-22（日）	03,05,18,20,24,32,11
2016057	2016-05-19（四）	07,12,19,22,23,26,11
2016056	2016-05-17（二）	03,04,08,11,16,18,14
2016055	2016-05-15（日）	05,06,10,16,22,26,11
2016054	2016-05-12（四）	06,11,16,19,28,32,04
2016053	2016-05-10（二）	02,08,10,12,29,31,01
2016052	2016-05-08（日）	01,06,13,19,24,28,16
2016051	2016-05-05（四）	01,02,04,09,15,33,12
2016050	2016-05-03（二）	09,12,24,28,29,30,02
2016049	2016-05-01（日）	06,08,13,14,22,27,10
2016048	2016-04-28（四）	03,08,13,14,15,30,04
2016047	2016-04-26（二）	02,05,08,15,17,22,16
2016046	2016-04-24（日）	07,20,25,26,27,30,14
2016045	2016-04-21（四）	04,09,12,17,30,32,03
2016044	2016-04-19（二）	01,03,10,12,18,30,01
2016043	2016-04-17（日）	05,14,20,26,30,33,12
2016042	2016-04-14（四）	07,14,17,23,26,31,09
2016041	2016-04-12（二）	12,17,18,21,22,24,04
2016040	2016-04-10（日）	03,13,19,20,23,26,03
2016039	2016-04-07（四）	01,03,07,18,19,27,16
2016038	2016-04-05（二）	03,12,13,22,28,29,03
2016037	2016-04-03（日）	06,15,26,31,32,33,16
2016036	2016-03-31（四）	03,04,07,09,20,22,03
2016035	2016-03-29（二）	04,13,19,20,26,29,11
2016034	2016-03-27（日）	03,15,21,22,23,28,15
2016033	2016-03-24（四）	06,17,18,20,27,29,15
2016032	2016-03-22（二）	08,12,14,15,21,27,15
2016031	2016-03-20（日）	03,08,10,19,26,33,03
2016030	2016-03-17（四）	10,14,19,22,25,29,12
2016029	2016-03-15（二）	12,15,18,20,21,27,15
2016028	2016-03-13（日）	06,08,12,21,25,29,01
2016027	2016-03-10（四）	11,13,15,17,19,31,05
2016026	2016-03-08（二）	04,09,12,28,30,33,01
2016025	2016-03-06（日）	04,11,12,17,24,30,12
2016024	2016-03-03（四）	02,05,07,14,18,31,13
2016023	2016-03-01（二）	03,06,10,19,25,29,07
2016022	2016-02-28（日）	04,09,19,22,23,30,07
2016021	2016-02-25（四）	09,11,13,22,24,26,05
2016020	2016-02-23（二）	01,02,10,12,22,24,10
2016019	2016-02-21（日）	06,13,16,17,23,30,10
2016018	2016-02-18（四）	12,13,14,17,21,25,04
2016017	2016-02-16（二）	05,06,08,20,22,30,05
2016016	2016-02-14（日）	01,20,22,24,25,26,16
2016015	2016-02-04（四）	01,02,14,22,25,26,07
2016014	2016-02-02（二）	02,08,10,18,20,27,07
2016013	2016-01-31（日）	07,12,21,22,26,31,01
2016012	2016-01-28（四）	07,12,14,16,27,32,15
2016011	2016-01-26（二）	03,08,10,15,22,29,12
2016010	2016-01-24（日）	02,04,12,14,19,25,06
2016009	2016-01-21（四）	10,14,24,25,27,32,04
2016008	2016-01-19（二）	02,15,24,29,32,33,02
2016007	2016-01-17（日）	05,12,14,20,27,29,06
2016006	2016-01-14（四）	13,16,18,20,28,31,12
2016005	2016-01-12（二）	11,14,18,20,31,33,14
2016004	2016-01-10（日）	08,10,17,22,25,33,12
2016003	2016-01-07（四）	01,10,14,23,26,28,01
2016002	2016-01-05（二）	09,14,17,20,24,30,16
2016001	2016-01-03（日）	06,13,16,18,20,22,13
