2017018	2017-02-16（四）	01,02,03,17,25,31,09
2017017	2017-02-14（二）	03,07,08,10,22,23,12
2017016	2017-02-12（日）	05,08,16,22,27,29,02
2017015	2017-02-09（四）	01,08,09,14,17,32,01
2017014	2017-02-07（二）	06,08,18,20,23,31,13
2017013	2017-02-05（日）	08,11,28,29,31,33,06
2017012	2017-01-26（四）	10,11,14,15,16,24,07
2017011	2017-01-24（二）	10,11,12,23,26,29,16
2017010	2017-01-22（日）	05,08,19,25,28,30,07
2017009	2017-01-19（四）	02,06,08,09,15,29,14
2017008	2017-01-17（二）	07,13,15,27,28,29,13
2017007	2017-01-15（日）	02,04,05,24,26,33,15
2017006	2017-01-12（四）	02,04,08,26,29,33,08
2017005	2017-01-10（二）	06,11,12,22,23,30,05
2017004	2017-01-08（日）	05,13,17,26,27,30,07
2017003	2017-01-05（四）	01,04,08,15,27,32,16
2017002	2017-01-03（二）	15,19,23,24,25,32,03
2017001	2017-01-01（日）	09,11,14,20,25,26,15
